a = ...
[
   1.718073e+00 ;
   8.755585e-01 ;
   6.300468e-01 ;
   9.088991e-01 ;
   7.187728e-01 ;
   1.189256e+00 ;
   9.136328e-01 ;
   3.195951e-01 ;
   1.841601e+00 ;
   4.622228e-01 ;
];
c = ...
[
   8.751582e-01 ;
   3.178993e-01 ;
   2.732342e-01 ;
   6.765023e-01 ;
   7.117080e-02 ;
   1.965909e-01 ;
   5.290786e-01 ;
   1.717561e-01 ;
   8.699627e-01 ;
   2.436873e-01 ;
];
B = ...
[
   7.287342e+01   9.326237e+01   -7.012554e+01   1.194684e+01   -3.876441e+01   7.797155e+01   2.665880e+01   -7.632035e+01   4.288767e+01   -1.558501e+02 ;
   9.326237e+01   1.289684e+02   -9.390513e+01   1.602225e+01   -5.326015e+01   1.052109e+02   3.724590e+01   -1.028072e+02   5.636132e+01   -2.107543e+02 ;
   -7.012554e+01   -9.390513e+01   7.143512e+01   -1.161176e+01   3.884946e+01   -7.775432e+01   -2.686792e+01   7.575525e+01   -4.256750e+01   1.556497e+02 ;
   1.194684e+01   1.602225e+01   -1.161176e+01   4.068628e+00   -7.395287e+00   1.357457e+01   5.014652e+00   -1.381577e+01   6.882702e+00   -2.740686e+01 ;
   -3.876441e+01   -5.326015e+01   3.884946e+01   -7.395287e+00   2.460874e+01   -4.437952e+01   -1.584893e+01   4.429740e+01   -2.254390e+01   8.877448e+01 ;
   7.797155e+01   1.052109e+02   -7.775432e+01   1.357457e+01   -4.437952e+01   8.904610e+01   3.063260e+01   -8.581359e+01   4.670216e+01   -1.749184e+02 ;
   2.665880e+01   3.724590e+01   -2.686792e+01   5.014652e+00   -1.584893e+01   3.063260e+01   1.261587e+01   -3.038415e+01   1.571293e+01   -6.145047e+01 ;
   -7.632035e+01   -1.028072e+02   7.575525e+01   -1.381577e+01   4.429740e+01   -8.581359e+01   -3.038415e+01   8.644837e+01   -4.521464e+01   1.716543e+02 ;
   4.288767e+01   5.636132e+01   -4.256750e+01   6.882702e+00   -2.254390e+01   4.670216e+01   1.571293e+01   -4.521464e+01   2.781460e+01   -9.324650e+01 ;
   -1.558501e+02   -2.107543e+02   1.556497e+02   -2.740686e+01   8.877448e+01   -1.749184e+02   -6.145047e+01   1.716543e+02   -9.324650e+01   3.514397e+02 ;
];