h=[  0.3571;
 -0.5714;
  0.7143;
  0.7143;
 -0.5714;
  0.3571;
];
y=[  0.3571;
 -0.9286;
  1.6429;
 -0.9286;
 -0.3571;
  1.1429;
 -1.4286;
 -0.7143;
  0.0000;
  1.4286;
 -0.4286;
  1.4286;
  0.7143;
 -1.8571;
 -0.0000;
  2.5714;
 -1.1429;
 -1.1429;
  3.2857;
 -1.8571;
  0.0000;
  1.1429;
 -1.4286;
 -1.4286;
  1.1429;
 -0.0000;
 -1.1429;
  2.1429;
 -0.4286;
  1.4286;
  0.0000;
 -0.7143;
 -1.4286;
  1.1429;
 -0.0000;
 -1.8571;
  3.2857;
 -1.8571;
  0.0000;
  1.8571;
 -2.5714;
 -0.0000;
  2.5714;
 -1.1429;
 -1.1429;
  2.5714;
  0.0000;
 -1.8571;
 -0.0000;
  2.5714;
 -1.8571;
  0.0000;
  1.1429;
 -2.1429;
 -0.2857;
 -1.0000;
 -0.2857;
 -2.1429;
  0.4286;
  1.1429;
 -2.5714;
 -0.0000;
  1.8571;
 -0.7143;
 -0.7143;
 -1.4286;
  0.4286;
  1.1429;
 -2.5714;
  0.7143;
  0.7143;
  0.7143;
  0.0000;
 -1.4286;
 -0.2857;
 -0.2857;
 -1.4286;
  0.0000;
  0.7143;
  1.4286;
 -1.1429;
  0.0000;
  1.8571;
 -2.5714;
 -0.0000;
  1.8571;
  0.0000;
 -2.5714;
  1.8571;
 -0.0000;
 -1.8571;
  2.5714;
 -0.7143;
 -1.4286;
  0.4286;
 -2.1429;
  1.1429;
 -0.7143;
 -0.7143;
  1.8571;
 -2.9286;
  0.9286;
  0.9286;
 -0.9286;
  0.3571;
];
