m = 50;
t = ...
[
    0.0680
    0.0728
    0.0763
    0.0988
    0.1070
    0.2191
    0.2782
    0.3095
    0.3225
    0.3270
    0.4030
    0.4633
    0.4691
    0.4730
    0.4967
    0.5076
    0.5209
    0.5383
    0.5470
    0.5666
    0.5768
    0.5953
    0.6137
    0.6629
    0.6876
    0.7061
    0.7087
    0.7242
    0.7512
    0.7529
    0.7699
    0.7830
    0.7888
    0.7939
    0.8041
    0.8113
    0.8162
    0.8208
    0.8288
    0.8296
    0.8312
    0.8424
    0.8651
    0.8715
    0.9223
    0.9440
    0.9519
    0.9685
    0.9761
    0.9869
];
y = ...
[
    2.4592
    2.5527
   12.0000
    2.9525
    2.9804
    3.8081
    4.2960
    4.5220
    4.6483
    4.6413
    5.2059
    5.7571
    5.7219
    5.7448
    5.9468
    6.0520
    6.1676
    6.5592
    6.2535
    6.4258
    6.6388
    6.7576
    6.8364
    7.3362
    7.5759
    7.5333
    7.6286
    7.6645
    8.0181
    8.0394
    8.2277
    8.1551
    8.3403
    8.3367
    8.5717
    8.5212
    8.4762
    8.5431
    8.5768
    8.7805
    8.5984
    8.5784
    8.9009
    9.0860
    9.4450
    9.5686
         0
    9.6896
    9.8351
    9.8076
];