K = 20;
N = 5;

P = [0.456468 0.018504; ...
     0.821407 0.444703; ...
     0.615432 0.791937; ...
     0.921813 0.738207; ...
     0.176266 0.405706; ...
     0.935470 0.916904; ...
     0.410270 0.893650; ...
     0.057891 0.352868; ...
     0.813166 0.009861; ...
     0.138891 0.202765; ...
     0.198722 0.603792; ...
     0.272188 0.198814; ...
     0.015274 0.746786; ...
     0.445096 0.931815; ...
     0.465994 0.418649; ...
     0.846221 0.525152; ...
     0.202647 0.672137; ...
     0.838118 0.019640; ...
     0.681277 0.379481; ...
     0.831796 0.502813]';

Q = [0.172956 0.153652; ...
     0.271447 0.388304; ...
     0.875742 0.450948; ...
     0.298723 0.725982; ...
     0.284409 0.630101; ...
     0.582792 0.522572; ...
     0.515512 0.881484; ...
     0.432907 0.595104; ...
     0.027185 0.281855; ...
     0.012863 0.581104; ...
     0.683116 0.707829; ...
     0.035338 0.578360; ...
     0.608540 0.914689; ...
     0.586918 0.880195; ...
     0.367568 0.475372; ...
     0.084079 0.909799; ...
     0.441828 0.794817; ...
     0.049754 0.155269; ...
     0.170793 0.573653; ...
     0.439791 0.121640]';

Pcor = [0.709471 0.428892; ...
        0.304617 0.189654; ...
        0.193431 0.682223; ...
        0.302764 0.541674; ...
        0.150873 0.697898]';

Qcor = [0.393240 0.278951; ...
        0.314217 0.373241; ...
        0.458598 0.648123; ...
        0.901610 0.767509; ...
        0.137010 0.835515]';
