n=4;
T1=20;
T2=50;
Fmax=1;

A = [  1,   0,  .1,   0  
       0,   1,   0,  .1  
       0,  .1,  .9,   0  
       0,   0,   0,  .9  ];



B=[ .5; 0; 1; 1 ];

C=[ 1, 0, 0, 0 
    0, 1, 0, 0 ];