m1 = 5;
m2 = 20;
n1 = 5;
n2 = 95;
m = 25;
n = 100;
A = ...
[
    22    42    47    21    38 ;
    27    38    47    21    39 ;
    23    37    43    19    31 ;
    37    49    34    23    38 ;
    17    29    20    13    26 ;
];
B = ...
[
    24    43    30    47    48    20    24    20    31    43    15    18    40    31    35    51    62    36    14    21    22    37    11    24    32    17    60    54    66    24    27    38    36    34    25    16    47    19    34    22    39    51    28    20    33    41    28    36    30    43    48    18    33    35    17    28    47    51    61    53    30    32    53    35    44    26    25    54    25    57    26    53    49    26    51    54    35    47    46    40    27    37    43    32    34    59    28    36    35    18    35    49    29    20    34 ;
    29    39    43    26    42    30    39    34    34    58     6    20    30    24    27    37    66    35     4    33    36    38    31    35    27    28    38    52    53    41    28    32    35    22    22     7    42    16    15    34    42    48    19    31    48    52    47    45    55    31    40    33    38    22    37    39    44    46    49    39    27    27    33    28    48    29    30    36    32    34    48    33    54    15    52    34    41    48    41    35    24    47    36    12    45    52    32    35    29    32    34    54    44    32    35 ;
    21    31    22    29    43    20    16    11    26    42     9    15    35    21    28    38    49    30     6    22    14    27    14    15    18    12    47    43    52    19    27    33    30    28    18     3    28    19    20    21    33    47    26    19    32    33    23    30    35    29    40    17    32    28    13    21    41    39    46    41    23    18    42    32    32    11    15    39    18    41    27    37    46    20    43    41    29    42    34    35    21    33    34    18    25    43    23    30    31    13    21    36    31    18    30 ;
    41    41    48    33    38    34    26    29    23    49     9    14    37    36    26    53    71    44    10    35    34    44    26    44    33    37    54    63    67    34    25    32    29    33    37    16    44    24    37    28    42    49    32    21    40    43    33    33    47    41    30    31    39    24    21    36    54    55    51    58    40    33    54    29    46    33    48    54    41    50    42    35    41    34    60    47    45    54    49    39    27    32    47    30    32    48    45    44    34    25    31    54    31    41    47 ;
    25    35    36    35    22    18    26    29    17    27    11    10    21    30    20    39    51    28    14    17    30    34    12    36    33    27    38    43    47    26    11    20    21    21    27    24    46    10    33    16    28    27    16    13    22    33    25    25    19    35    22    19    21    18    19    28    32    41    41    40    28    33    36    15    38    37    38    42    31    40    22    33    23    22    38    35    31    32    37    23    21    22    33    30    28    42    29    28    20    21    33    44    13    25    27 ;
];
C = ...
[
    16    19    16     8    12 ;
    14    30    36    13    22 ;
    35    42    22    21    41 ;
     9    14    19    10    25 ;
    14    30    36    13    22 ;
    31    41    30    19    28 ;
    39    57    51    24    31 ;
    36    44    39    23    41 ;
    20    33    37    18    37 ;
    17    29    30    15    30 ;
    28    42    29    18    27 ;
     8    10    11     6    14 ;
    33    58    60    28    52 ;
    43    59    38    26    43 ;
    25    43    35    16    19 ;
    21    34    21    13    20 ;
    41    59    49    29    51 ;
     7    18    17     6     8 ;
    22    27    17    12    18 ;
    17    21     8     8     9 ;
];
t = ...
[
     9 ;
    12 ;
     6 ;
    15 ;
     8 ;
     2 ;
     9 ;
    12 ;
     4 ;
     9 ;
     8 ;
    14 ;
    14 ;
    13 ;
    11 ;
     9 ;
     2 ;
    21 ;
    19 ;
     8 ;
     9 ;
    19 ;
     2 ;
     7 ;
     2 ;
];