T = 25;
n = 10;
w = ...
[
    0.0326
    0.5612
    0.8819
    0.6692
    0.1904
    0.3689
    0.4607
    0.9816
    0.1564
    0.8555
];
s = ...
[
     7
     8
     5
     7
    13
     4
    15
     6
    10
     3
];
f = ...
[
    17
    10
    16
    11
    21
    25
    19
     9
    15
    15
];